31.26
14.62
17.14
14.57
12.77
0
20.49
6.97
21.13
20.83
14.67
9.77
19.66
19.21
16.7
17.99
0
12.01
23.92
11.12
17.74
16.31
19.33
14.8
17.38
15.78
6.91
14.96
20.99
12.15
0
12.54
20.52
11.79
12.08
7.6
7.74
7.24
16.47
15.92
15.65
20.0
14.77
18.02
17.69
17.93
5.47
13.65
17.04
15.6
15.38
12.04
14.0
24.0
13.82
14.05
16.96
16.57
9.5
19.99
15.23
16.47
19.8
10.74
15.81
20.21
0
3.82
15.42
28.87
0
13.12
11.43
7.52
13.61
18.06
15.19
12.22
16.76
10.56
10.26
16.27
12.38
6.1
25.34
18.22
0
12.42
17.65
16.69
0
18.43
0
13.81
8.96
16.18
12.44
14.84
18.47
24.78
5.84
11.22
8.02
18.13
6.05
12.6
12.99
11.71
28.93
0
21.85
16.32
12.89
20.12
12.87
0
20.54
20.18
6.71
14.13
14.4
18.38
15.35
21.36
21.87
12.39
12.43
17.79
22.34
16.11
15.65
11.35
19.46
16.19
18.54
