12.99
20.51
22.18
19.37
20.99
15.93
19.55
10.6
20.38
18.58
12.0
19.41
20.09
18.01
22.56
17.48
17.51
17.94
14.84
17.79
14.72
9.85
20.67
21.41
15.64
17.84
20.23
19.64
15.85
13.7
21.88
8.6
13.84
20.3
17.89
15.09
15.6
21.25
18.11
18.85
14.28
18.57
14.94
17.7
0
20.35
18.23
14.37
17.84
25.51
17.4
16.86
6.77
19.61
14.41
18.24
15.4
21.06
11.84
19.2
13.6
21.62
0
5.81
22.41
20.02
13.46
14.88
15.85
16.82
20.87
19.94
20.45
18.08
17.47
11.98
23.38
20.34
15.67
16.32
19.37
19.68
10.98
23.49
15.16
12.9
14.05
15.06
18.47
12.61
