13.09
8.71
13.16
6.8
14.6
11.53
14.03
13.77
7.97
6.38
11.5
19.52
9.42
18.62
14.46
0
0
15.35
17.04
15.87
14.27
11.46
17.13
11.84
12.72
19.19
6.97
21.12
13.12
9.81
15.4
21.33
16.87
18.2
12.47
18.49
17.5
14.29
11.47
16.14
19.68
17.35
21.74
7.45
16.82
19.3
16.05
16.94
13.01
16.82
15.78
10.83
23.66
13.55
13.79
17.7
17.11
12.3
15.18
13.16
12.51
16.1
13.59
8.4
18.59
18.64
19.62
9.24
17.58
16.84
20.36
13.55
13.76
17.11
18.24
19.01
7.7
17.1
14.94
19.0
13.03
19.47
16.65
18.11
19.45
0
0
0
0
20.45
9.91
20.31
19.75
8.79
21.21
8.68
18.05
19.26
16.53
19.73
13.06
18.73
12.85
13.43
11.67
0
0
0
0
0
8.89
14.76
18.25
14.32
20.02
17.91
8.25
19.01
19.23
15.22
17.91
10.66
15.94
11.5
12.31
12.54
22.7
0
0
23.02
14.49
