0
3.9
4.17
4.23
4.95
7.21
6.65
6.65
6.63
7.11
6.65
6.67
6.64
6.56
6.68
6.67
0
4.18
3.85
3.85
4.94
5.31
4.96
6.55
6.6
6.58
6.58
7.13
7.2
6.59
6.57
7.2
0
0
0
5.36
5.35
4.95
6.61
7.18
6.65
6.56
6.55
7.21
6.65
6.67
7.23
7.2
7.16
7.22
0
3.91
3.84
3.86
5.33
7.15
6.67
7.15
7.16
6.61
7.11
7.17
6.56
6.67
6.58
7.13
0
0
0
4.98
4.93
4.99
7.18
6.68
7.22
7.16
7.13
6.6
7.13
7.21
6.6
7.18
6.64
6.67
0
4.98
5.4
5.36
7.14
6.59
7.19
6.56
7.15
6.63
7.1
7.14
7.18
7.12
6.58
7.21
0
0
0
4.95
5.4
5.36
7.11
6.68
7.19
7.23
6.65
7.1
6.55
6.56
6.61
6.64
7.1
7.16
0
4.98
4.9
4.93
6.64
7.19
6.66
6.57
6.61
7.2
6.55
6.55
7.1
7.19
6.64
6.6
0
0
0
7.23
7.19
7.1
6.58
7.21
6.64
6.6
6.58
6.61
7.13
7.11
6.56
7.1
6.58
6.67
0
5.39
4.92
5.35
7.23
7.16
7.12
6.58
6.61
6.62
7.21
6.67
6.68
6.62
6.68
7.19
0
0
0
7.12
7.22
7.21
6.58
6.63
7.17
7.19
7.23
6.58
6.58
6.6
7.23
6.56
7.22
7.21
0
6.61
7.1
7.16
7.15
6.56
7.15
6.6
6.65
6.58
6.6
7.15
7.17
6.6
6.55
6.61
0
0
0
7.11
6.64
7.21
6.67
6.63
6.57
6.64
7.17
7.18
7.1
7.14
6.66
7.16
7.21
6.63
0
6.64
7.1
7.17
7.17
6.66
6.61
6.68
7.12
7.21
7.12
6.6
6.6
7.13
6.64
6.56
