0
4.06
4.46
4.07
5.59
6.92
6.96
6.9
7.51
7.49
6.99
7.56
7.6
7.01
7.01
6.94
0
4.45
4.07
4.45
5.68
5.62
5.63
7.48
6.96
6.93
7.02
6.93
7.55
6.96
6.91
6.95
0
0
0
5.67
5.62
5.16
7.01
7.57
7.03
7.59
6.93
7.6
6.95
7.53
6.99
7.02
6.93
7.55
0
4.42
4.41
4.06
5.2
6.96
7.59
6.97
6.96
7.0
6.9
7.54
7.58
6.98
7.57
7.54
0
0
0
5.61
5.63
5.21
6.94
6.96
6.91
7.6
7.53
7.01
7.6
6.94
6.93
7.58
7.5
7.01
0
5.62
5.64
5.22
6.94
7.6
7.01
7.03
7.53
7.51
7.53
7.54
6.99
6.94
6.97
7.03
0
0
0
5.21
5.64
5.26
7.56
7.04
7.6
7.48
6.9
6.92
7.56
6.92
6.97
6.92
7.5
7.53
0
5.21
5.63
5.19
6.89
7.54
7.54
6.98
7.48
7.61
6.9
7.47
7.0
6.96
7.02
7.5
0
0
0
6.99
7.59
7.61
7.03
6.99
7.57
7.56
6.98
6.91
7.0
6.98
6.91
6.95
7.54
7.52
0
5.19
5.19
5.62
7.5
6.99
7.03
6.94
6.99
6.99
7.57
7.01
7.5
6.9
7.48
6.92
0
0
0
7.03
7.51
6.94
7.01
7.53
7.49
7.54
7.5
7.03
7.58
6.91
6.97
7.55
7.58
7.49
0
7.61
6.93
7.61
7.0
6.93
7.0
7.52
7.61
7.56
6.93
7.01
6.91
7.6
7.6
7.53
0
0
0
7.0
6.98
6.92
7.0
7.49
7.55
7.52
7.59
7.47
6.94
6.97
6.98
6.9
7.02
6.91
0
6.97
7.56
6.96
7.55
7.55
7.54
6.92
6.95
6.95
7.02
7.6
6.96
7.59
6.9
7.58
