3.1
0
0
0
345.73
403.61
440.73
403.69
731.98
671.71
666.08
732.83
731.98
674.92
671.18
674.99
729.8
728.58
734.36
725.59
726.53
729.97
728.47
678.2
675.91
670.83
725.5
673.33
667.68
725.78
678.1
0
0
0
0
2.85
0
0
0
313.87
434.69
437.61
436.55
731.38
674.44
730.45
722.41
0
0
0
0
0
0
0
0
0
0
0
0
0
0
0
0
0
0
0
0
0
0
0
2.85
0
0
0
0.08
0.1
0.11
0.11
0.14
0.13
0.15
0.13
0
0
0
0
0
0
0
0
0
0
0
0
0
0
0
0
0
0
0
0
0
0
3.1
0
0
0
0.4
0.46
0.46
0.5
0.62
0.67
0.68
0.68
0
0
0
0
0
0
0
0
0
0
0
0
0
0
0
0
0
0
0
0
0
0
0
3.1
0
0
0
4.12
5.63
5.63
5.59
7.55
7.54
7.01
7.61
0
0
0
0
0
0
0
0
0
0
0
0
0
0
0
0
0
0
0
51.73
