17.69
17.2
18.63
16.28
21.17
15.37
19.95
10.69
17.87
15.81
18.47
12.59
17.71
17.97
16.38
19.12
16.27
17.4
13.21
19.68
18.21
14.69
16.6
16.38
19.68
12.93
12.1
16.92
17.28
17.73
19.07
12.96
15.98
13.6
17.73
12.89
13.95
15.12
16.59
21.21
15.3
9.13
18.21
16.05
12.02
12.41
20.35
17.76
10.46
19.37
18.09
10.3
17.27
19.26
16.24
13.06
19.16
23.3
18.16
5.65
20.29
19.35
12.17
16.15
0
11.32
13.43
17.33
14.91
13.98
9.88
11.48
17.59
16.05
13.73
15.36
19.22
14.93
11.3
14.79
20.09
15.06
18.98
15.6
11.62
19.82
13.36
15.84
16.0
15.09
14.04
14.68
16.33
16.33
15.41
15.76
0
0
0
0
