14.29
9.52
14.49
13.14
11.8
12.69
12.32
11.62
13.52
11.05
11.71
14.54
13.67
7.0
15.45
10.14
12.37
11.94
9.34
12.71
11.13
13.27
12.76
14.3
14.17
13.54
11.33
10.77
10.58
12.29
11.48
12.33
9.41
11.12
15.58
7.66
7.42
14.38
12.16
13.07
12.61
12.94
16.4
16.86
14.34
12.33
13.53
10.45
11.79
9.96
14.8
11.19
14.02
13.22
11.23
20.52
11.75
14.54
13.51
8.03
13.93
10.49
9.94
9.14
13.51
12.97
10.73
12.28
12.83
14.24
11.95
10.86
14.64
14.22
13.38
12.29
10.33
12.98
8.21
14.65
11.16
0
0
0
0
0
0
0
0
0
0
0
0
0
0
0
0
0
0
0
