2.86
0
0
0
298.32
414.47
387.01
379.07
638.31
642.96
637.61
687.04
641.66
696.15
640.1
688.24
635.81
632.48
633.77
638.86
638.64
688.22
687.82
686.01
640.13
633.73
690.25
693.52
693.15
635.0
695.86
0
0
0
0
2.89
0
0
0
302.14
386.28
416.23
381.44
692.53
636.67
685.47
634.18
0
0
0
0
0
0
0
0
0
0
0
0
0
0
0
0
0
0
0
0
0
0
0
2.88
0
0
0
0.08
0.1
0.1
0.1
0.13
0.14
0.13
0.13
0
0
0
0
0
0
0
0
0
0
0
0
0
0
0
0
0
0
0
0
0
0
3.14
0
0
0
0.34
0.47
0.44
0.48
0.59
0.64
0.64
0.65
0
0
0
0
0
0
0
0
0
0
0
0
0
0
0
0
0
0
0
0
0
0
0
2.88
0
0
0
3.88
5.4
4.97
4.91
6.66
7.21
6.58
6.67
0
0
0
0
0
0
0
0
0
0
0
0
0
0
0
0
0
0
0
48.96
